5.10 3.50 1.40 0.20 1.0
4.90 3.00 1.40 0.20 1.0
4.70 3.20 1.30 0.20 1.0
4.60 3.10 1.50 0.20 1.0
5.00 3.60 1.40 0.20 1.0
5.40 3.90 1.70 0.40 1.0
4.60 3.40 1.40 0.30 1.0
5.00 3.40 1.50 0.20 1.0
4.40 2.90 1.40 0.20 1.0
4.90 3.10 1.50 0.10 1.0
5.40 3.70 1.50 0.20 1.0
4.80 3.40 1.60 0.20 1.0
4.80 3.00 1.40 0.10 1.0
4.30 3.00 1.10 0.10 1.0
5.80 4.00 1.20 0.20 1.0
5.70 4.40 1.50 0.40 1.0
5.40 3.90 1.30 0.40 1.0
5.10 3.50 1.40 0.30 1.0
5.70 3.80 1.70 0.30 1.0
5.10 3.80 1.50 0.30 1.0
5.40 3.40 1.70 0.20 1.0
5.10 3.70 1.50 0.40 1.0
4.60 3.60 1.00 0.20 1.0
5.10 3.30 1.70 0.50 1.0
4.80 3.40 1.90 0.20 1.0
5.00 3.00 1.60 0.20 1.0
5.00 3.40 1.60 0.40 1.0
5.20 3.50 1.50 0.20 1.0
5.20 3.40 1.40 0.20 1.0
4.70 3.20 1.60 0.20 1.0
4.80 3.10 1.60 0.20 1.0
5.40 3.40 1.50 0.40 1.0
5.20 4.10 1.50 0.10 1.0
5.50 4.20 1.40 0.20 1.0
4.90 3.10 1.50 0.20 1.0
5.00 3.20 1.20 0.20 1.0
5.50 3.50 1.30 0.20 1.0
4.90 3.60 1.40 0.10 1.0
4.40 3.00 1.30 0.20 1.0
5.10 3.40 1.50 0.20 1.0
5.00 3.50 1.30 0.30 1.0
4.50 2.30 1.30 0.30 1.0
4.40 3.20 1.30 0.20 1.0
5.00 3.50 1.60 0.60 1.0
5.10 3.80 1.90 0.40 1.0
4.80 3.00 1.40 0.30 1.0
5.10 3.80 1.60 0.20 1.0
4.60 3.20 1.40 0.20 1.0
5.30 3.70 1.50 0.20 1.0
5.00 3.30 1.40 0.20 1.0
5.19 4.06 1.50 0.13 1.0
5.49 3.49 1.32 0.22 1.0
4.99 3.40 1.50 0.20 1.0
4.40 2.90 1.40 0.20 1.0
5.13 3.79 1.50 0.29 1.0
5.48 4.14 1.38 0.24 1.0
5.08 3.32 1.68 0.48 1.0
4.98 3.52 1.32 0.25 1.0
4.63 3.13 1.53 0.20 1.0
4.61 3.40 1.41 0.30 1.0
4.90 3.08 1.48 0.20 1.0
5.20 3.40 1.40 0.20 1.0
5.02 3.50 1.32 0.30 1.0
5.40 3.40 1.60 0.30 1.0
4.92 3.00 1.45 0.20 1.0
5.10 3.50 1.40 0.20 1.0
4.32 3.04 1.14 0.12 1.0
4.75 3.15 1.60 0.20 1.0
4.84 3.20 1.25 0.20 1.0
5.48 3.87 1.70 0.37 1.0
5.26 4.12 1.48 0.12 1.0
4.87 3.10 1.53 0.13 1.0
5.06 3.40 1.50 0.20 1.0
5.45 3.72 1.53 0.22 1.0
5.01 3.48 1.61 0.59 1.0
5.71 4.37 1.48 0.38 1.0
4.62 3.12 1.46 0.20 1.0
4.60 3.60 1.00 0.20 1.0
4.82 3.02 1.42 0.10 1.0
4.80 3.40 1.70 0.20 1.0
4.60 3.19 1.41 0.20 1.0
5.10 3.68 1.49 0.39 1.0
5.10 3.42 1.48 0.20 1.0
4.90 3.10 1.50 0.16 1.0
5.44 3.61 1.41 0.20 1.0
5.64 3.96 1.24 0.28 1.0
5.24 3.48 1.54 0.20 1.0
4.40 2.95 1.35 0.20 1.0
5.10 3.41 1.49 0.20 1.0
5.20 3.41 1.41 0.20 1.0
4.75 3.38 1.60 0.20 1.0
5.03 3.54 1.40 0.24 1.0
5.16 3.43 1.50 0.20 1.0
5.08 3.40 1.50 0.20 1.0
5.33 3.70 1.50 0.20 1.0
4.62 3.20 1.31 0.20 1.0
4.60 3.17 1.43 0.20 1.0
4.99 3.01 1.59 0.20 1.0
4.82 3.00 1.40 0.17 1.0
4.60 3.58 1.37 0.27 1.0
4.70 3.37 1.37 0.26 1.0
5.44 4.09 1.32 0.32 1.0
4.84 3.10 1.57 0.15 1.0
5.57 4.26 1.45 0.28 1.0
5.50 3.96 1.24 0.22 1.0
5.10 3.50 1.40 0.29 1.0
5.47 3.88 1.70 0.37 1.0
4.40 2.92 1.38 0.20 1.0
4.93 3.17 1.39 0.20 1.0
4.83 3.00 1.40 0.17 1.0
5.10 3.72 1.53 0.40 1.0
5.41 3.48 1.48 0.36 1.0
5.07 3.45 1.68 0.51 1.0
5.00 3.40 1.56 0.24 1.0
5.11 3.95 1.50 0.29 1.0
5.10 3.50 1.40 0.20 1.0
4.79 3.39 1.77 0.20 1.0
4.62 3.13 1.54 0.20 1.0
4.40 2.98 1.34 0.20 1.0
5.13 3.44 1.40 0.20 1.0
5.76 4.19 1.42 0.35 1.0
4.80 3.10 1.55 0.11 1.0
5.01 3.40 1.50 0.20 1.0
5.45 3.90 1.70 0.34 1.0
4.98 3.50 1.40 0.17 1.0
4.32 3.06 1.24 0.15 1.0
5.40 3.40 1.63 0.39 1.0
5.40 3.40 1.41 0.25 1.0
5.10 3.80 1.58 0.22 1.0
4.90 3.10 1.50 0.19 1.0
5.02 3.40 1.65 0.59 1.0
5.41 4.00 1.30 0.24 1.0
5.00 3.44 1.60 0.56 1.0
5.10 3.50 1.40 0.24 1.0
4.97 3.60 1.40 0.17 1.0
5.00 3.24 1.21 0.20 1.0
4.75 3.34 1.60 0.20 1.0
4.82 3.00 1.40 0.19 1.0
4.62 3.26 1.35 0.30 1.0
5.16 3.40 1.46 0.20 1.0
5.34 3.41 1.60 0.20 1.0
5.27 3.40 1.50 0.29 1.0
4.93 3.52 1.31 0.22 1.0
5.10 3.69 1.46 0.34 1.0
5.46 4.02 1.31 0.39 1.0
4.41 2.98 1.47 0.20 1.0
5.12 3.97 1.60 0.20 1.0
4.90 3.08 1.42 0.20 1.0
5.44 3.49 1.48 0.29 1.0
4.83 3.10 1.53 0.19 1.0
5.40 3.84 1.48 0.23 1.0
5.77 4.07 1.32 0.29 1.0
4.37 3.18 1.24 0.10 1.0
5.09 3.50 1.37 0.30 1.0
4.64 3.39 1.20 0.20 1.0
5.43 3.88 1.70 0.37 1.0
4.60 3.19 1.40 0.20 1.0
5.10 3.43 1.46 0.20 1.0
4.98 3.40 1.84 0.25 1.0
5.41 3.74 1.56 0.23 1.0
4.67 3.31 1.32 0.23 1.0
5.12 3.43 1.50 0.20 1.0
4.90 3.10 1.51 0.17 1.0
5.35 3.70 1.50 0.20 1.0
4.82 3.40 1.53 0.20 1.0
5.03 3.40 1.50 0.20 1.0
5.10 3.80 1.51 0.26 1.0
4.86 3.00 1.40 0.20 1.0
4.98 3.08 1.58 0.16 1.0
4.32 3.00 1.26 0.16 1.0
7.00 3.20 4.70 1.40 2.0
6.40 3.20 4.50 1.50 2.0
6.90 3.10 4.90 1.50 2.0
5.50 2.30 4.00 1.30 2.0
6.50 2.80 4.60 1.50 2.0
5.70 2.80 4.50 1.30 2.0
6.30 3.30 4.70 1.60 2.0
4.90 2.40 3.30 1.00 2.0
6.60 2.90 4.60 1.30 2.0
5.20 2.70 3.90 1.40 2.0
5.00 2.00 3.50 1.00 2.0
5.90 3.00 4.20 1.50 2.0
6.00 2.20 4.00 1.00 2.0
6.10 2.90 4.70 1.40 2.0
5.60 2.90 3.60 1.30 2.0
6.70 3.10 4.40 1.40 2.0
5.60 3.00 4.50 1.50 2.0
5.80 2.70 4.10 1.00 2.0
6.20 2.20 4.50 1.50 2.0
5.60 2.50 3.90 1.10 2.0
5.90 3.20 4.80 1.80 2.0
6.10 2.80 4.00 1.30 2.0
6.30 2.50 4.90 1.50 2.0
6.10 2.80 4.70 1.20 2.0
6.40 2.90 4.30 1.30 2.0
6.60 3.00 4.40 1.40 2.0
6.80 2.80 4.80 1.40 2.0
6.70 3.00 5.00 1.70 2.0
6.00 2.90 4.50 1.50 2.0
5.70 2.60 3.50 1.00 2.0
5.50 2.40 3.80 1.10 2.0
5.50 2.40 3.70 1.00 2.0
5.80 2.70 3.90 1.20 2.0
6.00 2.70 5.10 1.60 2.0
5.40 3.00 4.50 1.50 2.0
6.00 3.40 4.50 1.60 2.0
6.70 3.10 4.70 1.50 2.0
6.30 2.30 4.40 1.30 2.0
5.60 3.00 4.10 1.30 2.0
5.50 2.50 4.00 1.30 2.0
5.50 2.60 4.40 1.20 2.0
6.10 3.00 4.60 1.40 2.0
5.80 2.60 4.00 1.20 2.0
5.00 2.30 3.30 1.00 2.0
5.60 2.70 4.20 1.30 2.0
5.70 3.00 4.20 1.20 2.0
5.70 2.90 4.20 1.30 2.0
6.20 2.90 4.30 1.30 2.0
5.10 2.50 3.00 1.10 2.0
5.70 2.80 4.10 1.30 2.0
4.93 2.33 3.30 1.00 2.0
5.80 2.62 4.02 1.12 2.0
5.68 2.50 3.60 1.01 2.0
5.63 2.89 4.50 1.35 2.0
6.92 3.11 4.70 1.44 2.0
6.90 2.82 4.85 1.46 2.0
6.77 2.85 4.93 1.53 2.0
6.60 2.83 4.60 1.31 2.0
6.06 2.90 4.67 1.44 2.0
5.69 2.88 3.78 1.30 2.0
6.25 2.68 4.79 1.49 2.0
5.58 2.50 4.00 1.27 2.0
5.97 3.25 4.51 1.68 2.0
6.38 2.90 4.30 1.30 2.0
5.52 2.70 4.20 1.39 2.0
5.98 2.42 3.94 1.05 2.0
6.08 2.73 4.92 1.30 2.0
4.90 2.28 3.44 1.00 2.0
5.59 2.97 4.47 1.33 2.0
6.09 2.86 4.64 1.45 2.0
6.70 3.10 4.50 1.41 2.0
6.35 3.21 4.59 1.60 2.0
6.81 3.06 4.98 1.57 2.0
5.84 2.73 4.00 1.20 2.0
5.50 2.33 3.95 1.15 2.0
5.50 2.46 4.00 1.30 2.0
5.65 2.92 4.39 1.49 2.0
6.79 3.10 4.71 1.50 2.0
5.52 2.45 3.85 1.10 2.0
5.64 2.81 4.10 1.30 2.0
6.08 2.90 4.69 1.45 2.0
5.80 2.67 3.94 1.20 2.0
5.86 2.97 4.20 1.41 2.0
6.19 3.24 4.50 1.56 2.0
6.29 2.26 4.50 1.49 2.0
6.59 2.90 4.60 1.37 2.0
5.54 2.40 3.71 1.01 2.0
6.57 2.93 4.34 1.36 2.0
6.69 3.17 4.49 1.43 2.0
6.03 2.24 4.17 1.04 2.0
6.52 3.20 4.43 1.48 2.0
5.65 2.74 4.46 1.26 2.0
6.68 3.06 4.42 1.37 2.0
5.50 2.40 3.72 1.02 2.0
5.80 2.97 4.20 1.34 2.0
6.10 2.55 4.99 1.54 2.0
5.87 2.60 4.00 1.25 2.0
6.78 3.01 5.00 1.69 2.0
5.49 3.00 4.50 1.50 2.0
5.57 2.41 3.97 1.13 2.0
5.64 2.89 4.10 1.30 2.0
5.53 2.56 3.69 1.00 2.0
5.66 2.53 3.86 1.02 2.0
5.31 2.70 3.92 1.34 2.0
6.27 3.15 4.60 1.53 2.0
6.57 2.88 4.60 1.44 2.0
5.80 2.76 4.10 1.07 2.0
6.05 2.24 4.08 1.20 2.0
5.67 2.29 3.96 1.09 2.0
6.44 2.90 4.50 1.30 2.0
5.54 2.50 3.91 1.26 2.0
6.04 2.81 4.82 1.45 2.0
6.09 2.85 4.60 1.23 2.0
6.66 2.94 4.69 1.38 2.0
4.92 2.08 3.44 1.00 2.0
6.00 2.90 4.65 1.47 2.0
6.52 2.94 4.30 1.34 2.0
6.06 2.90 4.54 1.46 2.0
5.57 2.50 3.90 1.17 2.0
6.56 2.86 4.60 1.35 2.0
6.77 3.09 4.75 1.40 2.0
6.70 3.09 4.90 1.65 2.0
5.92 3.28 4.73 1.62 2.0
6.26 2.22 4.44 1.38 2.0
5.94 3.25 4.75 1.69 2.0
5.80 2.70 3.94 1.11 2.0
4.93 2.48 3.19 1.09 2.0
6.81 3.15 4.50 1.40 2.0
5.56 3.00 4.50 1.50 2.0
5.62 2.72 3.64 1.27 2.0
5.94 3.28 4.71 1.61 2.0
6.18 2.83 4.25 1.30 2.0
6.10 2.81 4.70 1.40 2.0
6.69 2.80 4.61 1.49 2.0
5.50 2.40 3.71 1.09 2.0
6.77 2.90 4.93 1.50 2.0
5.60 2.99 4.50 1.39 2.0
6.65 2.86 4.71 1.37 2.0
5.50 2.36 3.99 1.15 2.0
5.63 3.00 4.11 1.27 2.0
6.52 2.85 4.60 1.46 2.0
5.24 2.70 4.15 1.31 2.0
5.53 2.41 3.85 1.10 2.0
4.93 2.36 3.30 1.00 2.0
5.50 2.33 3.98 1.18 2.0
5.90 2.97 4.20 1.33 2.0
6.44 3.12 4.42 1.41 2.0
5.97 3.26 4.74 1.76 2.0
5.57 2.50 4.00 1.24 2.0
5.79 2.75 3.97 1.27 2.0
6.69 3.05 4.40 1.40 2.0
5.43 2.85 4.50 1.33 2.0
5.60 2.91 4.04 1.30 2.0
5.62 2.40 3.62 1.04 2.0
6.33 3.21 4.65 1.57 2.0
5.61 2.91 4.48 1.41 2.0
6.07 2.96 4.59 1.44 2.0
6.70 3.10 4.62 1.41 2.0
6.24 2.27 4.46 1.46 2.0
5.79 2.78 4.10 1.04 2.0
6.43 2.90 4.38 1.38 2.0
6.87 3.10 4.79 1.50 2.0
6.61 2.93 4.58 1.31 2.0
6.99 3.17 4.70 1.44 2.0
6.10 2.87 4.70 1.23 2.0
6.27 2.26 4.46 1.48 2.0
6.00 2.75 4.72 1.47 2.0
6.22 2.68 4.99 1.58 2.0
4.91 2.29 3.36 1.00 2.0
5.87 2.47 4.07 1.00 2.0
6.30 3.30 6.00 2.50 3.0
5.80 2.70 5.10 1.90 3.0
7.10 3.00 5.90 2.10 3.0
6.30 2.90 5.60 1.80 3.0
6.50 3.00 5.80 2.20 3.0
7.60 3.00 6.60 2.10 3.0
4.90 2.50 4.50 1.70 3.0
7.30 2.90 6.30 1.80 3.0
6.70 2.50 5.80 1.80 3.0
7.20 3.60 6.10 2.50 3.0
6.50 3.20 5.10 2.00 3.0
6.40 2.70 5.30 1.90 3.0
6.80 3.00 5.50 2.10 3.0
5.70 2.50 5.00 2.00 3.0
5.80 2.80 5.10 2.40 3.0
6.40 3.20 5.30 2.30 3.0
6.50 3.00 5.50 1.80 3.0
7.70 3.80 6.70 2.20 3.0
7.70 2.60 6.90 2.30 3.0
6.00 2.20 5.00 1.50 3.0
6.90 3.20 5.70 2.30 3.0
5.60 2.80 4.90 2.00 3.0
7.70 2.80 6.70 2.00 3.0
6.30 2.70 4.90 1.80 3.0
6.70 3.30 5.70 2.10 3.0
7.20 3.20 6.00 1.80 3.0
6.20 2.80 4.80 1.80 3.0
6.10 3.00 4.90 1.80 3.0
6.40 2.80 5.60 2.10 3.0
7.20 3.00 5.80 1.60 3.0
7.40 2.80 6.10 1.90 3.0
7.90 3.80 6.40 2.00 3.0
6.40 2.80 5.60 2.20 3.0
6.30 2.80 5.10 1.50 3.0
6.10 2.60 5.60 1.40 3.0
7.70 3.00 6.10 2.30 3.0
6.30 3.40 5.60 2.40 3.0
6.40 3.10 5.50 1.80 3.0
6.00 3.00 4.80 1.80 3.0
6.90 3.10 5.40 2.10 3.0
6.70 3.10 5.60 2.40 3.0
6.90 3.10 5.10 2.30 3.0
5.80 2.70 5.10 1.90 3.0
6.80 3.20 5.90 2.30 3.0
6.70 3.30 5.70 2.50 3.0
6.70 3.00 5.20 2.30 3.0
6.30 2.50 5.00 1.90 3.0
6.50 3.00 5.20 2.00 3.0
6.20 3.40 5.40 2.30 3.0
5.90 3.00 5.10 1.80 3.0
5.72 2.32 5.00 1.62 3.0
5.91 3.00 5.05 1.80 3.0
6.40 2.93 5.57 1.80 3.0
6.34 2.82 5.60 1.83 3.0
6.30 3.31 5.61 2.45 3.0
6.73 3.09 5.20 2.28 3.0
7.70 2.66 6.70 2.11 3.0
5.70 2.77 5.09 1.90 3.0
6.81 3.24 5.70 2.26 3.0
6.19 2.97 5.00 1.67 3.0
6.64 2.52 5.66 1.80 3.0
7.19 3.17 6.00 1.93 3.0
4.92 2.52 5.07 1.90 3.0
5.71 2.65 5.02 1.98 3.0
6.66 3.30 5.89 2.50 3.0
6.91 3.26 5.99 2.36 3.0
5.80 2.77 5.10 2.36 3.0
6.39 2.84 5.60 2.01 3.0
6.21 2.76 4.88 1.80 3.0
6.47 3.05 5.42 1.91 3.0
6.89 3.16 5.69 2.14 3.0
6.13 2.96 4.86 1.80 3.0
7.08 3.08 5.74 2.15 3.0
7.47 3.00 6.05 2.15 3.0
6.80 3.18 5.65 2.10 3.0
7.70 2.64 6.79 2.19 3.0
7.36 2.96 6.00 1.62 3.0
6.17 2.79 5.60 1.61 3.0
6.42 3.05 5.26 2.30 3.0
6.41 2.95 5.73 2.11 3.0
6.60 3.00 5.79 2.23 3.0
6.46 2.84 5.26 1.97 3.0
7.88 3.80 6.64 2.10 3.0
5.91 3.00 4.87 1.80 3.0
7.33 3.10 6.09 1.84 3.0
6.50 3.07 5.11 2.00 3.0
7.31 2.93 6.52 1.99 3.0
7.48 2.91 6.59 1.85 3.0
7.74 3.52 6.38 2.21 3.0
5.76 2.62 5.08 1.98 3.0
5.63 2.80 5.04 2.40 3.0
6.45 2.97 5.74 2.20 3.0
7.20 3.08 6.06 1.80 3.0
7.69 2.91 6.10 2.11 3.0
6.04 3.00 4.88 1.80 3.0
7.61 2.90 6.68 2.11 3.0
6.81 3.28 5.70 2.15 3.0
6.81 3.08 5.34 2.12 3.0
6.33 3.36 5.35 2.30 3.0
7.34 2.83 6.17 1.84 3.0
6.23 2.87 5.60 1.52 3.0
6.15 2.34 4.95 1.67 3.0
6.43 3.05 5.50 1.80 3.0
6.87 3.44 6.09 2.42 3.0
5.19 2.57 4.62 1.85 3.0
7.05 3.06 5.90 2.13 3.0
6.33 2.87 5.60 2.03 3.0
6.57 2.91 5.56 1.80 3.0
6.90 3.15 5.67 2.24 3.0
6.20 2.96 4.90 1.80 3.0
6.34 2.92 5.53 1.80 3.0
7.66 3.34 6.59 2.09 3.0
6.30 2.77 5.09 1.73 3.0
6.22 3.40 5.51 2.32 3.0
6.70 3.07 5.17 2.28 3.0
6.14 2.87 4.86 1.80 3.0
5.75 2.55 5.06 1.91 3.0
7.81 3.80 6.47 2.15 3.0
6.17 2.85 4.90 1.80 3.0
7.13 3.00 5.84 2.05 3.0
6.44 2.95 5.20 1.99 3.0
5.68 2.75 4.99 2.00 3.0
7.45 2.95 6.34 1.90 3.0
6.88 3.29 5.70 2.29 3.0
6.47 2.85 5.72 2.20 3.0
6.39 2.99 5.57 1.80 3.0
5.75 2.58 5.09 1.97 3.0
7.50 2.86 6.61 1.87 3.0
6.42 3.16 5.95 2.42 3.0
7.20 3.15 5.94 1.67 3.0
7.57 3.00 5.92 2.25 3.0
6.03 2.83 4.80 1.80 3.0
6.50 3.13 5.16 2.00 3.0
6.52 2.74 5.75 1.80 3.0
6.26 2.39 5.00 1.86 3.0
5.80 2.70 5.10 1.90 3.0
7.33 2.87 6.19 1.84 3.0
5.74 2.68 5.02 1.96 3.0
6.85 3.08 5.41 2.10 3.0
6.26 3.38 5.39 2.30 3.0
7.69 2.96 6.61 2.05 3.0
7.76 3.47 6.21 2.06 3.0
6.76 3.20 5.63 2.10 3.0
5.80 2.72 5.10 1.98 3.0
6.21 2.74 5.12 1.45 3.0
7.11 3.03 5.98 1.85 3.0
7.10 3.31 5.82 2.50 3.0
6.30 3.34 5.67 2.45 3.0
5.70 2.75 4.94 1.94 3.0
6.05 2.97 4.80 1.80 3.0
6.40 2.80 5.60 2.18 3.0
6.86 3.06 5.44 2.10 3.0
6.30 2.98 5.54 1.80 3.0
6.40 2.83 5.28 1.99 3.0
6.21 2.76 4.81 1.80 3.0
6.91 3.02 5.90 2.18 3.0
6.35 2.92 5.53 1.80 3.0
7.70 2.67 6.82 2.27 3.0
7.63 3.26 6.68 2.19 3.0
7.62 2.86 6.70 2.27 3.0
6.80 3.17 5.62 2.34 3.0
6.47 2.99 5.70 2.19 3.0
6.34 3.25 5.96 2.29 3.0
5.55 2.50 4.84 1.89 3.0
7.14 3.00 5.86 1.68 3.0
7.31 2.88 6.11 1.80 3.0
6.41 3.08 5.28 1.81 3.0
6.30 2.91 4.93 1.77 3.0
6.48 2.83 5.61 2.18 3.0
6.05 3.00 4.89 1.80 3.0
